Matriz A:
0.00478 -2616.17 -0.016105 -0.005403 0.007847 0.001682 -0.005848 0.000354 -0.000623 -0.002929 
0 -62963.4 0 0 0 0 0 0 0 0 
0.002367 -616.371 0.0039 -0.000207 -0.009195 -0.000607 0.01009 0.002969 -0.000617 -0.006552 
-0.016031 -49.2073 0.00557 0.016925 -0.002365 -0.019936 0.000862 0.005913 0.000262 0.014244 
-0.000762 1858.64 0.020613 0.006804 -0.007993 -0.01134 0.003725 -0.005921 0.008351 0.00396 
0.002515 144.335 0.004448 0.001635 -0.005634 0.006565 -0.007227 0.007056 0.00205 -0.011966 
0.00216 -573.972 -0.010829 0.000535 0.007632 0.008529 -0.001197 -0.001062 -0.009772 -0.004935 
0.00721 2970.3 -0.001979 0.0024 -0.005204 0.001721 0.003748 -0.003161 0.002302 0.006968 
0.003889 -87.3193 -0.004501 -0.011374 0.005345 0.016854 -0.010497 -0.005602 -0.003854 -0.002031 
-0.000392 448.761 -0.011911 -0.010958 0.013081 0.009677 0.003601 -0.003954 0.002954 0.000226 

Matriz A Inversa:
-111.757 3.95614 -204.768 -170.442 -104.868 -47.8978 -40.3994 9.10124 -176.838 -92.9709 
0 -1.58822e-05 0 0 0 0 0 0 0 0 
-143.253 3.3887 -156.26 -117.866 -74.7187 -35.5391 -38.0398 -42.5413 -111.902 -55.1839 
23.2514 2.88454 13.2572 52.5744 63.145 65.1101 89.6108 54.1114 4.18197 39.0388 
-136.511 3.31167 -218.52 -138.586 -84.1547 -33.3606 -9.36454 -46.361 -176.947 -26.7911 
-46.7459 4.05397 4.26177 23.1489 -4.70806 47.9677 23.4705 44.9639 26.6145 46.3251 
-52.5007 1.88689 0.503467 -27.7095 -22.4239 -19.067 8.93187 4.93148 -53.7826 23.6507 
-191.012 3.619 -229.022 -159.73 -204.438 -24.5739 -105.573 -27.58 -206.306 -75.8624 
67.7423 1.5775 47.7459 59.7116 68.423 76.3213 -9.17881 43.3202 31.5323 88.1062 
-104.255 4.22329 -121.259 -61.7244 -99.4331 -45.8267 -62.3214 28.1703 -64.0461 -40.6132 
0.220257
Matriz A:
0.0027 0.01133 -0.019533 -0.005221 0.015928 0.002215 -0.014715 -0.002254 -8.1e-05 0.002829 
-0.005185 -0.001272 0.004357 0.000528 0.006222 -0.010209 -0.005134 0.007207 0.000189 0.007205 
0.000717 0.036201 0.001182 -6.3e-05 -0.002786 -0.000184 0.003058 0.0009 -0.000187 -0.001985 
-0.016052 0.006458 0.005534 0.016927 -0.00228 -0.01993 0.00077 0.005886 0.000267 0.014304 
-0.001298 -0.038628 0.01973 0.006851 -0.00591 -0.011203 0.001439 -0.006593 0.008491 0.005444 
0.002319 -0.012335 0.004126 0.001652 -0.004874 0.006615 -0.008061 0.006811 0.002101 -0.011425 
0.001972 0.00066 -0.01114 0.000552 0.008363 0.008578 -0.002 -0.001298 -0.009723 -0.004413 
0.006515 -0.049355 -0.003125 0.002461 -0.002502 0.0019 0.000783 -0.004033 0.002483 0.008893 
0.003824 0.001178 -0.004608 -0.011369 0.005598 0.01687 -0.010775 -0.005684 -0.003837 -0.001851 
-0.000834 -0.025694 -0.012639 -0.010919 0.014798 0.00979 0.001717 -0.004508 0.003069 0.001449 

Matriz A Inversa:
15.7552 56.6616 108.66 -49.0032 24.6696 6.74468 42.5819 63.7422 -29.0829 -18.087 
3.31895 1.47155 33.3092 3.16029 3.37081 1.42197 2.15841 1.42105 3.84478 1.94746 
-25.9333 52.1362 82.3219 -6.12691 44.4641 14.7427 38.312 7.74144 24.0467 13.7211 
10.5839 -5.65531 150.852 40.4994 50.2694 59.6664 81.348 48.6605 -10.5074 31.584 
3.19654 62.0766 129.478 -5.53059 57.7706 26.5079 81.549 13.5056 -15.0581 55.2559 
-29.2974 7.73636 144.598 39.7645 13.01 55.4412 34.8128 52.4355 46.8268 56.5655 
-31.765 9.21299 51.5792 -7.96653 -1.36284 -10.1845 22.4211 13.8124 -29.76 35.8237 
-26.1094 73.2853 61.6525 -2.67548 -36.9195 46.0997 1.73961 43.0974 -15.2216 20.9853 
27.3173 -17.9874 118.571 21.2071 27.3482 58.9883 -35.5016 25.9901 -15.3143 64.3527 
-14.6767 39.8005 88.2866 23.5934 -8.43705 -7.43476 -4.03277 66.5604 39.7539 11.9955 
0.143601
Matriz A:
0.026347 -0.499216 3.26532 -34.8107 -64.0487 522.692 -2245.06 4355.92 -93433.6 63144 
-0.056466 1.23539 -7.89869 83.8378 154.3 -1259.04 5407.78 -10492.3 225059 -152098 
-0.002856 0.127114 -0.790744 8.42839 15.503 -126.577 543.682 -1054.84 22626.3 -15291.2 
-0.02349 0.185004 -1.12935 12.0547 22.1523 -180.798 776.477 -1506.54 32315 -21839 
-0.028366 0.645104 -4.17927 44.554 81.9778 -669.001 2873.44 -5575.14 119585 -80817.8 
-0.003441 0.139234 -0.901802 9.61401 17.6852 -144.348 620.022 -1202.99 25804.1 -17438.9 
0.016662 -0.334821 2.19562 -23.4027 -43.0643 351.468 -1509.59 2928.94 -62825.2 42458.3 
0.009861 -0.077304 0.401292 -4.275 -7.87744 64.2378 -275.903 535.318 -11482.5 7760.1 
0.009917 -0.138922 0.912582 -9.73865 -17.897 146.097 -627.452 1217.37 -26112.5 17647.3 
0.015558 -0.382834 2.41491 -25.7517 -47.3608 386.572 -1660.36 3221.48 -69100.1 46699 

Matriz A Inversa:
239.419 0.00488814 132.443 89.2881 242.888 211.132 50.9198 70.2326 22.4597 194.143 
113.012 0.00140857 108.514 83.579 111.908 83.3531 29.3855 19.6658 64.1328 92.3898 
188.856 -29.9949 129.957 113.397 252.425 230.281 21.9407 -1.90796 36.6665 231.885 
35.3598 0.00153169 24.8716 61.522 75.1298 74.0373 92.7555 56.2089 11.0422 48.931 
162.207 0.00539901 68.3154 82.3403 211.648 186.968 68.3103 5.63718 -7.42427 217.428 
62.2148 0.00174344 108.879 103.73 103.186 128.328 51.7975 63.9193 88.4458 135.401 
52.442 0.00138556 101.264 49.8961 81.4898 58.3327 36.2148 23.1895 5.76636 109.439 
196.485 0.00433454 143.068 126.863 179.283 261.232 -4.81385 39.8713 13.6116 240.94 
104.068 0.000803839 82.6215 86.573 104.388 103.108 0.263962 49.6369 52.144 117.793 
141.958 0.00248269 115.161 120.377 144.381 135.778 1.701 71.0291 75.6881 160.683 
0.263989
Matriz A:
-0.799842 -0.736491 3.06887 0.025959 -1.11569 -0.086179 0.288345 -0.065465 0.010225 0.342714 
-0.371754 -0.012517 0.510823 0.001785 0.254143 -0.27238 -0.057701 0.730227 0.000137 0.310545 
-0.461259 -0.177935 -0.865556 0.00119 1.52298 0.036268 -0.580646 -0.638759 0.011879 0.893383 
0.299697 -0.040333 -0.119269 0.00543 0.037252 0.10192 -0.004214 -0.12259 -0.000271 -0.182454 
0.020668 0.093161 -0.639196 0.000204 0.183249 0.087657 -0.027588 0.177864 -0.01595 -0.074145 
-0.259286 0.080025 -0.522429 -0.004234 0.49322 -0.205526 0.217608 -0.80345 -0.020024 0.861417 
-0.046361 -0.063336 0.265965 0.000121 -0.138172 -0.050927 0.006836 0.025263 0.012934 0.072785 
0.401507 -0.265072 -0.125149 0.006925 -0.247263 0.030935 0.065007 -0.193913 0.015322 0.27413 
0.04276 0.018844 -0.055695 -0.015294 0.050782 0.069133 -0.041853 -0.067386 -0.00784 -0.016267 
-0.009314 -0.028176 -0.319987 -0.019547 0.265985 0.077942 0.028065 -0.103121 0.0099 0.003831 

Matriz A Inversa:
-0.214941 0.964809 -0.267045 6.98473 3.10845 1.244 11.0577 -1.07038 3.63604 -1.66599 
0.192634 0.447081 -0.711877 33.5229 29.0025 7.94362 81.5456 -13.8428 15.5626 -8.42808 
0.275787 0.594107 -0.132936 8.8041 5.86625 1.788 17.7916 -3.20647 4.2003 -1.78019 
4.15749 -1.05834 1.63117 108.625 94.2902 21.9232 220.115 -38.2303 2.54558 -33.3976 
0.13754 0.979366 0.0469882 5.44045 2.0186 0.929833 5.81693 -1.70709 0.587479 0.577497 
1.74459 0.23985 -0.408952 44.6784 42.2303 9.51914 105.01 -16.4141 20.6607 -8.22649 
0.648299 0.846499 -1.03718 11.7618 9.57329 3.22448 22.0335 -3.88626 1.42544 1.18823 
0.163897 0.956178 -0.231637 5.83486 6.26913 1.04305 13.9233 -1.75704 2.68098 -0.882693 
-0.256997 -1.63437 -0.797543 123.664 106.09 24.9264 334.462 -49.4315 30.209 -9.55633 
0.425716 0.740459 -0.183909 17.7519 17.0775 4.46601 44.5438 -5.91372 9.64437 -4.60132 
0.194007
Matriz A:
-0.048138 -0.422723 -0.315974 -0.137698 -0.358169 -0.135023 -0.283667 -0.105482 -0.300491 -0.161682 
-0.077695 -0.604195 -0.409226 -0.182481 -0.50254 -0.199428 -0.386475 -0.138313 -0.414672 -0.214188 
-0.02913 -0.256983 -0.174583 -0.078949 -0.227049 -0.081974 -0.155269 -0.060026 -0.1791 -0.101043 
-0.211344 -1.60378 -1.10121 -0.471359 -1.35329 -0.524497 -1.02453 -0.384715 -1.10652 -0.571698 
-0.035282 -0.296357 -0.174999 -0.079496 -0.246755 -0.100516 -0.177504 -0.074961 -0.187261 -0.099599 
0.103957 0.834436 0.579287 0.255241 0.696008 0.268624 0.525344 0.209941 0.576889 0.29236 
-0.03634 -0.307458 -0.228996 -0.095715 -0.258661 -0.090929 -0.203322 -0.078062 -0.227939 -0.120435 
0.179924 1.41064 0.976733 0.434185 1.1894 0.447899 0.910496 0.342267 0.981014 0.525109 
0.050487 0.388899 0.259552 0.10512 0.327645 0.137231 0.23414 0.087593 0.260199 0.137762 
-0.036137 -0.298278 -0.214461 -0.100318 -0.23415 -0.082662 -0.184056 -0.075442 -0.199596 -0.107006 

Matriz A Inversa:
76.864 79.0528 65.4319 7.15139 81.8103 28.5335 77.2303 85.3292 40.6509 11.5913 
4.14528 -37.5885 -12.674 -12.9575 -36.5025 -34.5644 -39.5535 -36.2294 -4.09231 -48.8288 
-28.4248 23.9471 -3.21339 -20.1152 13.9664 -11.2893 7.6676 -19.4335 15.0427 -22.9551 
12.1665 -16.8739 -8.41514 36.8875 39.544 49.3377 69.5895 37.8384 -11.3611 16.988 
-19.3383 19.0091 -64.926 -41.173 0.745276 -13.619 31.47 -28.0126 -48.6421 -0.959932 
-4.43469 6.46319 59.5413 58.1508 25.5197 54.714 37.7668 51.1951 72.8615 55.121 
-31.4512 -15.7396 19.0251 -18.4277 -26.9561 -33.179 -4.26369 -10.2369 -35.0589 3.38224 
10.7273 80.0994 57.8694 28.3122 -9.37191 53.07 15.4632 49.6678 25.3124 30.1919 
47.5721 -36.0441 5.79545 28.8846 19.9666 42.7093 -51.3269 8.57015 2.05117 41.0445 
11.5911 37.15 39.3025 42.4676 3.44346 -9.39248 -2.3006 64.0016 66.9659 8.7868 
0.268157
Matriz A:
-0.007623 -0.026321 0.032246 0.021518 0.107335 0.030639 0.020166 0.012802 0.060827 0.047657 
-0.00654 -0.002078 0.00653 0.00274 0.017952 -0.007667 -0.007334 0.006939 0.005299 0.01396 
-0.001585 0.009463 0.022814 0.012571 0.045989 0.0135 0.012717 0.005982 0.028686 0.02328 
-0.018894 -0.010767 0.027695 0.026435 0.022826 -0.01016 0.022202 0.013929 0.021799 0.024837 
0.007776 -0.008303 -0.016841 -0.015901 -0.09846 -0.036061 -0.010207 -0.014035 -0.043587 -0.043499 
0.004927 -0.005316 -0.004035 -0.004363 -0.032317 -9.2e-05 -0.007509 0.005925 -0.011718 -0.026539 
-0.000533 -0.021419 0.017949 0.01106 0.027035 0.018962 0.032763 0.010889 0.013918 0.000593 
0.017984 -0.011756 -0.048338 -0.026071 -0.119844 -0.029333 -0.01226 -0.0129 -0.062847 -0.05342 
0.002577 -0.008648 0.008257 -0.006497 0.015474 0.02174 0.003849 -0.000478 0.007142 0.001363 
0.004187 -0.014837 -0.02467 -0.021682 -0.039382 -0.002443 0.0089 -0.004249 -0.021744 -0.029305 

Matriz A Inversa:
18.33 38.7645 76.1633 -42.0297 13.9509 -2.89671 26.9515 45.1379 -21.6855 -27.6716 
-19.1564 -5.48864 28.1587 -1.29847 -8.51882 2.97689 -5.39321 -6.96815 -10.774 9.54239 
-13.1345 31.4073 15.3979 -7.20474 29.219 -5.16432 17.8537 -12.0357 31.5839 -15.1968 
7.28369 -57.6976 -63.7112 1.47556 -12.4171 4.00298 21.5193 0.00660257 -35.4796 -51.4226 
-3.25696 21.8944 -27.6112 -33.4252 9.80164 -13.7442 35.9492 -24.6173 -34.8996 -3.25326 
-9.46081 -37.0043 -24.968 22.6771 -28.6498 7.58182 -12.8613 10.6896 48.7987 -15.4446 
-9.36194 -1.10134 28.8566 3.16805 -0.294511 -20.0815 14.9084 4.03413 -9.40763 20.9929 
-11.3086 65.3793 59.6472 11.8598 -33.5143 42.6627 -2.51742 34.7712 3.22263 18.0156 
32.5679 -43.159 48.6278 20.6744 7.3954 39.2377 -60.0306 1.04276 -11.1385 38.4107 
-2.21723 20.4377 34.0224 26.5567 -20.6053 -24.0954 -22.1742 47.7054 49.7911 -11.1468 
0.202282
Matriz A:
0.00478 0.01385 -0.016105 -0.005403 0.007847 0.001682 -0.005848 0.000354 -0.000623 -0.002929 
-0.004515 -0.000461 0.00546 0.000469 0.003621 -0.01038 -0.00228 0.008047 1.5e-05 0.005352 
0.002367 0.002868 0.0039 -0.000207 -0.009195 -0.000607 0.01009 0.002969 -0.000617 -0.006552 
-0.016031 0.007555 0.00557 0.016925 -0.002365 -0.019936 0.000862 0.005913 0.000262 0.014244 
-0.000762 -0.011568 0.020613 0.006804 -0.007993 -0.01134 0.003725 -0.005921 0.008351 0.00396 
0.002515 -0.002462 0.004448 0.001635 -0.005634 0.006565 -0.007227 0.007056 0.00205 -0.011966 
0.00216 0.010168 -0.010829 0.000535 0.007632 0.008529 -0.001197 -0.001062 -0.009772 -0.004935 
0.00721 -0.014251 -0.001979 0.0024 -0.005204 0.001721 0.003748 -0.003161 0.002302 0.006968 
0.003889 0.004469 -0.004501 -0.011374 0.005345 0.016854 -0.010497 -0.005602 -0.003854 -0.002031 
-0.000392 -0.003388 -0.011911 -0.010958 0.013081 0.009677 0.003601 -0.003954 0.002954 0.000226 

Matriz A Inversa:
83.991 86.9959 77.9939 15.9963 93.9915 35.9962 86.9965 92.9958 49.9965 21.9963 
62.9911 27.995 90.9918 59.9953 63.9923 26.9968 40.9956 26.997 72.9945 36.9961 
11.9887 68.9938 67.9894 29.9929 82.9906 30.9947 62.9941 23.993 67.9932 35.9931 
29.9954 2.99723 22.999 58.9977 69.9962 68.0005 93.9999 57.0018 11.997 42.9997 
29.9941 73.9996 22 20.0005 84.9971 38.0005 98.9998 25.0006 16.0003 71.0012 
13.9835 26.9898 91.9864 80.9899 56.9865 73.9951 62.9941 70.9916 96.9881 81.9927 
5.99506 25.9971 85.0016 28.0042 37.0015 6.00317 47.0018 30.0018 14.0026 58.0065 
24.9885 95.9965 82.9939 45.9975 14.9958 67.9998 35.0035 64.9943 43.9961 50.9993 
87.988 8.99774 76.9912 78.9944 88.9905 84.9982 3.99739 51.9971 54.9931 99.997 
32.9855 60.9933 76.9869 68.9886 39.9883 12.9918 26.9966 86.9893 94.9886 39.991 
0.206551
Matriz A:
0.01865 0.006127 -0.020986 -0.009915 0.004153 0.00394 0.00487 -0.003012 0.00685 -0.005207 
-0.00158 -0.002095 0.004428 -0.000486 0.00284 -0.009902 -1.2e-05 0.007335 0.001596 0.00487 
0.006545 0.000541 0.00243 -0.001566 -0.010308 7.4e-05 0.013319 0.001954 0.001635 -0.007238 
-0.131293 0.071735 0.046127 0.05442 0.028334 -0.038698 -0.088209 0.033887 -0.061845 0.033178 
-0.072479 0.028365 0.045848 0.030134 0.011108 -0.023014 -0.051696 0.011485 -0.030292 0.015741 
0.063892 -0.036638 -0.017149 -0.018331 -0.021982 0.016556 0.040203 -0.00784 0.035122 -0.022049 
-0.00869 0.016209 -0.007012 0.004065 0.010521 0.006763 -0.009581 0.001571 -0.015618 -0.003153 
0.001669 -0.011165 -2.9e-05 0.004202 -0.003728 0.000819 -0.000534 -0.001816 -0.000684 0.007878 
0.070662 -0.032712 -0.027996 -0.033096 -0.01244 0.027723 0.041103 -0.021808 0.032125 -0.013 
0.064814 -0.039697 -0.034855 -0.03217 -0.004286 0.020292 0.053991 -0.019779 0.038089 -0.010485 

Matriz A Inversa:
126.138 100.561 125.94 17.4451 129.841 49.0704 99.5936 139.487 54.3464 51.5401 
121.272 46.7581 157.298 62.002 113.566 45.0798 58.419 91.2881 79.0152 77.8519 
37.0854 77.0751 96.5365 30.8566 104.336 38.778 70.4983 51.6718 70.5852 53.5817 
185.498 53.0524 199.932 64.3513 202.27 116.249 140.48 228.568 28.072 152.023 
57.4991 82.8513 53.2837 20.9428 108.393 46.5263 107.219 55.3322 18.8406 90.2744 
-66.7324 1.02742 0.132341 78.218 -11.6617 48.9485 38.8878 -18.0825 88.6517 25.3952 
36.6581 35.8677 119.879 29.0509 63.0766 15.5099 56.1629 63.8213 17.1628 79.4907 
-112.473 51.7583 -73.4308 41.2646 -101.928 25.3414 -6.07602 -86.6879 29.7843 -45.3869 
50.9329 -2.92488 34.8139 77.7184 57.4777 73.4942 -7.06845 11.0909 51.1602 74.0076 
61.4705 70.1575 109.385 69.9734 64.2144 21.8326 35.5113 118.407 97.9269 59.957 
0.147910
